0,507
88,6
88,5
88,4
88,3
88,2
88,1
88,0
87,4
87,3
87,2
87,1
87,0
86,3
86,2
86,1
86,0
85,4
85,3
85,2
85,1
85,0
84,3
84,2
84,1
84,0
0,506
0,505
0,504
0,503
0,502
0,501
0,500
0,499
0,498
0,497
0,496
0,495
0,494
0,493
0,492
0,491
0,490
0,489
0,488
0,487
0,486
0,485
0,484
0,483
0,482
0,481
0,480
0,479
0,478
0,477
0,476
78,49
78,48
78,47
78,46
78,45
78,44
78,43
78,42
78,41
78,40
78,39
78,38
78,37
78,36
78,35
0,475
83,6
83,5
83,4
83,3
83,2
83,1
83,0
0,474
82,4
82,3
82,2
0,473
0,472
82,1
82,0
0,471
0,243
0,470
0,469
0,386
81,3
81,2
81,1
81,0
80,4
80,3
80,2
80,1
80,0
79,3
79,2
79,1
79,0
0,278
3,2
10,87
10,282
10,228
10,294
10,202
10,216
10,192
10,227
11,9
11,19
45,6
45,5
45,4
45,3
